10.100000 32.100000 43.100000 15.100000
12.100000 28.100000 35.100000 25.100000
19.100000 23.100000 37.100000 21.100000
74.100000 0.100000 14.100000 12.100000
72.100000 21.100000 5.100000 2.100000
0.100000 100.100000 0.100000 0.100000
100.100000 0.100000 0.100000 0.100000
0.100000 0.100000 98.100000 2.100000
95.100000 2.100000 3.100000 0.100000
0.100000 0.100000 0.100000 100.100000
0.100000 0.100000 100.100000 0.100000
0.100000 3.100000 63.100000 34.100000
0.100000 30.100000 0.100000 70.100000
17.100000 39.100000 20.100000 24.100000
25.100000 21.100000 14.100000 40.100000
16.100000 35.100000 26.100000 23.100000
