4.100000 0.100000 13.100000 0.100000
5.100000 0.100000 12.100000 0.100000
15.100000 0.100000 2.100000 0.100000
0.100000 17.100000 0.100000 0.100000
17.100000 0.100000 0.100000 0.100000
0.100000 0.100000 0.100000 17.100000
0.100000 0.100000 17.100000 0.100000
0.100000 13.100000 0.100000 4.100000
0.100000 17.100000 0.100000 0.100000
0.100000 17.100000 0.100000 0.100000
0.100000 0.100000 17.100000 0.100000
0.100000 0.100000 17.100000 0.100000
2.100000 0.100000 15.100000 0.100000
0.100000 17.100000 0.100000 0.100000
17.100000 0.100000 0.100000 0.100000
0.100000 0.100000 0.100000 17.100000
0.100000 0.100000 17.100000 0.100000
0.100000 2.100000 0.100000 15.100000
0.100000 13.100000 0.100000 4.100000
0.100000 7.100000 2.100000 7.100000
