18.100000 10.100000 35.100000 37.100000
14.100000 40.100000 17.100000 29.100000
12.100000 26.100000 41.100000 21.100000
59.100000 8.100000 27.100000 6.100000
65.100000 26.100000 9.100000 0.100000
0.100000 100.100000 0.100000 0.100000
100.100000 0.100000 0.100000 0.100000
0.100000 0.100000 95.100000 4.100000
86.100000 6.100000 8.100000 0.100000
0.100000 0.100000 0.100000 100.100000
0.100000 0.100000 100.100000 0.100000
1.100000 3.100000 56.100000 40.100000
0.100000 17.100000 4.100000 79.100000
19.100000 34.100000 35.100000 12.100000
34.100000 24.100000 19.100000 23.100000
17.100000 39.100000 30.100000 14.100000
