31.100000 21.100000 18.100000 31.100000
18.100000 18.100000 21.100000 44.100000
22.100000 17.100000 44.100000 17.100000
7.100000 0.100000 84.100000 9.100000
7.100000 0.100000 82.100000 11.100000
18.100000 20.100000 35.100000 27.100000
21.100000 78.100000 0.100000 0.100000
11.100000 29.100000 33.100000 27.100000
0.100000 100.100000 0.100000 0.100000
100.100000 0.100000 0.100000 0.100000
2.100000 8.100000 83.100000 8.100000
13.100000 75.100000 12.100000 0.100000
0.100000 0.100000 0.100000 100.100000
0.100000 0.100000 100.100000 0.100000
12.100000 58.100000 17.100000 13.100000
0.100000 2.100000 71.100000 27.100000
21.100000 29.100000 25.100000 25.100000
2.100000 77.100000 4.100000 17.100000
12.100000 71.100000 4.100000 14.100000
19.100000 58.100000 8.100000 15.100000
15.100000 30.100000 20.100000 35.100000
20.100000 30.100000 23.100000 27.100000
