33.100000 16.100000 27.100000 24.100000
29.100000 12.100000 31.100000 27.100000
19.100000 7.100000 52.100000 22.100000
5.100000 0.100000 78.100000 16.100000
5.100000 2.100000 91.100000 2.100000
21.100000 29.100000 30.100000 20.100000
25.100000 72.100000 4.100000 0.100000
5.100000 14.100000 64.100000 17.100000
0.100000 100.100000 0.100000 0.100000
100.100000 0.100000 0.100000 0.100000
3.100000 5.100000 91.100000 0.100000
2.100000 88.100000 9.100000 2.100000
0.100000 0.100000 0.100000 100.100000
0.100000 0.100000 100.100000 0.100000
7.100000 67.100000 12.100000 14.100000
5.100000 3.100000 67.100000 25.100000
11.100000 30.100000 23.100000 36.100000
5.100000 80.100000 5.100000 9.100000
16.100000 68.100000 5.100000 11.100000
13.100000 57.100000 9.100000 20.100000
22.100000 41.100000 10.100000 26.100000
27.100000 16.100000 24.100000 33.100000
