23.100000 35.100000 28.100000 14.100000
15.100000 30.100000 23.100000 32.100000
14.100000 23.100000 44.100000 19.100000
66.100000 9.100000 14.100000 11.100000
61.100000 30.100000 3.100000 6.100000
0.100000 100.100000 0.100000 0.100000
100.100000 0.100000 0.100000 0.100000
0.100000 0.100000 100.100000 0.100000
86.100000 1.100000 10.100000 3.100000
0.100000 0.100000 0.100000 100.100000
0.100000 0.100000 100.100000 0.100000
1.100000 3.100000 61.100000 35.100000
3.100000 17.100000 1.100000 79.100000
20.100000 43.100000 17.100000 20.100000
27.100000 23.100000 31.100000 19.100000
23.100000 26.100000 32.100000 19.100000
