41.100000 24.100000 17.100000 17.100000
31.100000 24.100000 14.100000 31.100000
17.100000 17.100000 30.100000 36.100000
50.100000 26.100000 7.100000 17.100000
50.100000 14.100000 33.100000 3.100000
0.100000 100.100000 0.100000 0.100000
100.100000 0.100000 0.100000 0.100000
0.100000 5.100000 92.100000 3.100000
0.100000 16.100000 84.100000 0.100000
0.100000 0.100000 0.100000 100.100000
0.100000 0.100000 100.100000 0.100000
0.100000 24.100000 13.100000 63.100000
20.100000 3.100000 8.100000 69.100000
34.100000 46.100000 11.100000 9.100000
34.100000 27.100000 24.100000 15.100000
25.100000 37.100000 22.100000 16.100000
