14.100000 6.100000 8.100000 4.100000
10.100000 5.100000 8.100000 13.100000
3.100000 5.100000 27.100000 6.100000
33.100000 5.100000 4.100000 2.100000
36.100000 2.100000 2.100000 4.100000
2.100000 1.100000 0.100000 41.100000
44.100000 0.100000 0.100000 0.100000
0.100000 1.100000 0.100000 43.100000
0.100000 1.100000 23.100000 20.100000
0.100000 43.100000 0.100000 1.100000
33.100000 3.100000 5.100000 3.100000
12.100000 10.100000 6.100000 13.100000
11.100000 7.100000 11.100000 11.100000
10.100000 11.100000 6.100000 13.100000
15.100000 7.100000 6.100000 12.100000
