13.100000 7.100000 11.100000 5.100000
7.100000 6.100000 17.100000 10.100000
19.100000 3.100000 17.100000 3.100000
6.100000 16.100000 4.100000 20.100000
0.100000 58.100000 0.100000 0.100000
56.100000 1.100000 1.100000 0.100000
0.100000 55.100000 0.100000 3.100000
3.100000 0.100000 55.100000 0.100000
0.100000 1.100000 1.100000 56.100000
0.100000 0.100000 58.100000 0.100000
20.100000 4.100000 16.100000 6.100000
3.100000 17.100000 3.100000 19.100000
10.100000 17.100000 6.100000 7.100000
5.100000 11.100000 7.100000 13.100000
