24.100000 10.100000 13.100000 15.100000
14.100000 17.100000 15.100000 16.100000
31.100000 9.100000 13.100000 9.100000
0.100000 4.100000 0.100000 58.100000
0.100000 0.100000 0.100000 62.100000
8.100000 0.100000 49.100000 5.100000
5.100000 39.100000 10.100000 8.100000
22.100000 4.100000 22.100000 14.100000
15.100000 13.100000 7.100000 27.100000
36.100000 13.100000 5.100000 8.100000
43.100000 3.100000 12.100000 4.100000
15.100000 10.100000 15.100000 22.100000
16.100000 8.100000 17.100000 21.100000
21.100000 15.100000 12.100000 14.100000
