8.100000 16.100000 5.100000 4.100000
16.100000 9.100000 2.100000 10.100000
10.100000 20.100000 4.100000 5.100000
36.100000 1.100000 3.100000 0.100000
0.100000 1.100000 0.100000 39.100000
0.100000 40.100000 0.100000 0.100000
37.100000 3.100000 0.100000 0.100000
40.100000 0.100000 0.100000 0.100000
0.100000 0.100000 0.100000 40.100000
0.100000 40.100000 0.100000 0.100000
36.100000 2.100000 1.100000 1.100000
34.100000 1.100000 1.100000 4.100000
16.100000 4.100000 6.100000 14.100000
9.100000 7.100000 6.100000 17.100000
11.100000 6.100000 3.100000 18.100000
