38.100000 16.100000 26.100000 20.100000
42.100000 10.100000 33.100000 15.100000
62.100000 3.100000 30.100000 5.100000
30.100000 32.100000 15.100000 23.100000
0.100000 100.100000 0.100000 0.100000
100.100000 0.100000 0.100000 0.100000
0.100000 100.100000 0.100000 0.100000
0.100000 0.100000 100.100000 0.100000
0.100000 0.100000 0.100000 100.100000
0.100000 0.100000 100.100000 0.100000
23.100000 15.100000 32.100000 30.100000
5.100000 30.100000 3.100000 62.100000
15.100000 33.100000 10.100000 42.100000
20.100000 26.100000 16.100000 38.100000
