15.100000 17.100000 3.100000 5.100000
5.100000 3.100000 15.100000 17.100000
15.100000 14.100000 0.100000 11.100000
5.100000 12.100000 16.100000 7.100000
1.100000 2.100000 0.100000 37.100000
2.100000 19.100000 19.100000 0.100000
30.100000 0.100000 7.100000 3.100000
0.100000 40.100000 0.100000 0.100000
38.100000 0.100000 2.100000 0.100000
2.100000 34.100000 2.100000 2.100000
2.100000 28.100000 8.100000 2.100000
1.100000 1.100000 0.100000 38.100000
40.100000 0.100000 0.100000 0.100000
0.100000 0.100000 40.100000 0.100000
0.100000 0.100000 40.100000 0.100000
0.100000 0.100000 0.100000 40.100000
0.100000 0.100000 40.100000 0.100000
0.100000 2.100000 0.100000 38.100000
1.100000 7.100000 28.100000 4.100000
40.100000 0.100000 0.100000 0.100000
31.100000 5.100000 0.100000 4.100000
32.100000 0.100000 3.100000 5.100000
5.100000 5.100000 1.100000 29.100000
1.100000 5.100000 8.100000 26.100000
