32.100000 21.100000 35.100000 20.100000
24.100000 20.100000 56.100000 8.100000
14.100000 10.100000 65.100000 19.100000
17.100000 1.100000 89.100000 1.100000
0.100000 0.100000 108.100000 0.100000
0.100000 2.100000 106.100000 0.100000
19.100000 80.100000 0.100000 9.100000
2.100000 5.100000 99.100000 2.100000
0.100000 1.100000 99.100000 8.100000
21.100000 5.100000 76.100000 6.100000
17.100000 10.100000 72.100000 9.100000
3.100000 55.100000 21.100000 29.100000
9.100000 40.100000 32.100000 27.100000
