25.100000 31.100000 13.100000 31.100000
28.100000 7.100000 47.100000 18.100000
70.100000 3.100000 21.100000 6.100000
10.100000 69.100000 19.100000 2.100000
0.100000 100.100000 0.100000 0.100000
100.100000 0.100000 0.100000 0.100000
0.100000 100.100000 0.100000 0.100000
0.100000 0.100000 100.100000 0.100000
0.100000 0.100000 0.100000 100.100000
0.100000 0.100000 100.100000 0.100000
2.100000 19.100000 69.100000 10.100000
6.100000 21.100000 3.100000 70.100000
18.100000 47.100000 7.100000 28.100000
31.100000 13.100000 31.100000 25.100000
