33.100000 8.100000 17.100000 42.100000
46.100000 11.100000 10.100000 33.100000
19.100000 8.100000 29.100000 44.100000
100.100000 0.100000 0.100000 0.100000
0.100000 0.100000 0.100000 100.100000
4.100000 77.100000 0.100000 19.100000
0.100000 0.100000 100.100000 0.100000
100.100000 0.100000 0.100000 0.100000
0.100000 0.100000 0.100000 100.100000
15.100000 25.100000 2.100000 58.100000
90.100000 2.100000 6.100000 2.100000
19.100000 9.100000 25.100000 46.100000
18.100000 32.100000 2.100000 48.100000
31.100000 8.100000 21.100000 40.100000
29.100000 15.100000 10.100000 46.100000
