17.100000 2.100000 7.100000 10.100000
15.100000 0.100000 4.100000 17.100000
36.100000 0.100000 0.100000 0.100000
22.100000 0.100000 0.100000 14.100000
2.100000 12.100000 13.100000 9.100000
0.100000 0.100000 0.100000 36.100000
28.100000 0.100000 8.100000 0.100000
0.100000 0.100000 36.100000 0.100000
0.100000 0.100000 36.100000 0.100000
0.100000 0.100000 0.100000 36.100000
0.100000 36.100000 0.100000 0.100000
36.100000 0.100000 0.100000 0.100000
14.100000 7.100000 10.100000 5.100000
