41.100000 27.100000 15.100000 17.100000
13.100000 43.100000 32.100000 12.100000
7.100000 9.100000 7.100000 77.100000
7.100000 0.100000 84.100000 9.100000
9.100000 0.100000 7.100000 84.100000
0.100000 1.100000 4.100000 86.100000
63.100000 1.100000 20.100000 16.100000
0.100000 98.100000 2.100000 0.100000
0.100000 2.100000 0.100000 98.100000
91.100000 2.100000 0.100000 7.100000
68.100000 0.100000 0.100000 32.100000
100.100000 0.100000 0.100000 0.100000
100.100000 0.100000 0.100000 0.100000
100.100000 0.100000 0.100000 0.100000
0.100000 2.100000 0.100000 98.100000
100.100000 0.100000 0.100000 0.100000
2.100000 0.100000 98.100000 0.100000
80.100000 9.100000 6.100000 5.100000
72.100000 6.100000 0.100000 22.100000
43.100000 36.100000 2.100000 18.100000
27.100000 48.100000 9.100000 16.100000
21.100000 23.100000 17.100000 39.100000
