52.100000 47.100000 41.100000 22.100000
22.100000 51.100000 38.100000 52.100000
16.100000 67.100000 40.100000 41.100000
80.100000 19.100000 60.100000 5.100000
68.100000 7.100000 78.100000 11.100000
0.100000 164.100000 0.100000 0.100000
2.100000 161.100000 1.100000 0.100000
160.100000 0.100000 1.100000 3.100000
164.100000 0.100000 0.100000 0.100000
0.100000 1.100000 0.100000 163.100000
20.100000 88.100000 50.100000 6.100000
96.100000 10.100000 55.100000 3.100000
21.100000 28.100000 98.100000 17.100000
58.100000 57.100000 33.100000 16.100000
47.100000 11.100000 72.100000 34.100000
34.100000 53.100000 40.100000 35.100000
