1.970000 1.860000 1.000000 2.640000
0.100000 4.560000 1.010000 1.800000
0.100000 0.100000 0.100000 7.170000
0.100000 0.100000 7.170000 0.100000
7.170000 0.100000 0.100000 0.100000
0.100000 0.100000 0.100000 7.170000
0.100000 0.100000 0.100000 7.170000
0.100000 0.100000 7.170000 0.100000
0.100000 0.100000 7.170000 0.100000
0.100000 3.600000 0.100000 3.660000
0.950000 1.010000 0.100000 5.410000
4.520000 0.100000 0.950000 0.100000
1.800000 2.750000 2.820000 0.100000
1.800000 1.910000 0.100000 3.660000
