16.200000 20.400000 30.800000 32.900000
2.500000 18.100000 59.200000 20.400000
9.900000 17.600000 39.500000 33.400000
5.100000 45.300000 28.000000 22.000000
78.000000 0.900000 21.400000 0.100000
12.700000 6.900000 0.100000 80.700000
0.100000 0.100000 0.100000 100.100000
0.100000 0.100000 0.100000 100.100000
0.100000 100.100000 0.100000 0.100000
0.100000 100.100000 0.100000 0.100000
0.100000 50.100000 50.100000 0.100000
0.100000 0.100000 100.100000 0.100000
0.100000 0.100000 98.300000 1.900000
100.100000 0.100000 0.100000 0.100000
100.100000 0.100000 0.100000 0.100000
63.400000 0.100000 32.800000 4.100000
1.900000 13.900000 1.900000 82.700000
7.800000 19.400000 70.100000 3.100000
34.800000 18.800000 28.100000 18.800000
27.400000 18.300000 22.500000 32.200000
19.700000 24.400000 16.100000 40.200000
