16.100000 4.100000 76.100000 4.100000
32.100000 8.100000 48.100000 12.100000
8.100000 24.100000 56.100000 12.100000
12.100000 12.100000 44.100000 32.100000
72.100000 0.100000 24.100000 4.100000
0.100000 0.100000 16.100000 84.100000
0.100000 52.100000 0.100000 48.100000
0.100000 0.100000 100.100000 0.100000
0.100000 100.100000 0.100000 0.100000
0.100000 0.100000 100.100000 0.100000
0.100000 0.100000 0.100000 100.100000
0.100000 0.100000 100.100000 0.100000
48.100000 36.100000 0.100000 16.100000
8.100000 56.100000 28.100000 8.100000
48.100000 0.100000 8.100000 44.100000
40.100000 4.100000 32.100000 24.100000
0.100000 40.100000 40.100000 20.100000
0.100000 72.100000 16.100000 12.100000
0.100000 100.100000 0.100000 0.100000
