6.360000 1.000000 1.070000 0.100000
6.360000 0.100000 1.970000 0.100000
0.100000 6.720000 1.070000 0.640000
7.290000 1.040000 0.100000 0.100000
0.100000 2.910000 0.100000 0.100000
0.100000 2.010000 6.320000 0.100000
0.100000 1.040000 6.320000 0.100000
7.330000 1.000000 0.100000 0.100000
0.100000 1.000000 1.070000 5.420000
6.320000 0.100000 2.010000 0.100000
0.100000 1.040000 1.000000 6.390000
0.100000 8.230000 0.100000 0.100000
0.100000 0.100000 0.100000 8.230000
0.100000 0.100000 8.230000 0.100000
0.100000 1.000000 0.100000 7.330000
0.100000 0.100000 8.230000 0.100000
0.100000 0.100000 8.230000 0.100000
0.100000 0.100000 0.100000 8.230000
1.640000 3.630000 0.100000 3.160000
