8.100000 18.100000 42.000000 32.200000
23.300000 9.800000 37.300000 29.900000
14.000000 31.400000 19.900000 35.300000
17.600000 38.000000 38.200000 6.500000
59.700000 13.600000 15.200000 12.000000
31.300000 26.400000 9.500000 33.300000
0.100000 0.100000 0.100000 100.100000
0.100000 0.100000 0.100000 100.100000
4.000000 91.000000 2.100000 3.300000
0.100000 100.100000 0.100000 0.100000
0.100000 32.600000 67.600000 0.100000
0.100000 0.100000 100.100000 0.100000
3.900000 0.100000 95.000000 1.300000
100.100000 0.100000 0.100000 0.100000
100.100000 0.100000 0.100000 0.100000
36.400000 8.900000 29.600000 25.600000
11.200000 11.200000 11.200000 66.800000
19.900000 10.600000 69.700000 0.100000
24.900000 12.800000 46.700000 16.000000
12.600000 36.800000 49.300000 1.600000
31.900000 12.700000 39.800000 16.100000
