13.100000 18.100000 11.100000 6.100000
16.100000 8.100000 11.100000 13.100000
13.100000 4.100000 10.100000 21.100000
0.100000 0.100000 0.100000 48.100000
7.100000 0.100000 41.100000 0.100000
0.100000 0.100000 0.100000 48.100000
0.100000 0.100000 0.100000 48.100000
0.100000 0.100000 0.100000 48.100000
39.100000 0.100000 9.100000 0.100000
0.100000 6.100000 0.100000 42.100000
20.100000 1.100000 11.100000 16.100000
5.100000 14.100000 1.100000 28.100000
18.100000 4.100000 22.100000 4.100000
