1.900000 0.100000 3.330000 1.850000
0.100000 12.960000 0.100000 0.100000
0.100000 12.960000 0.100000 0.100000
7.240000 1.290000 0.100000 4.620000
2.750000 0.100000 0.100000 10.300000
9.570000 0.100000 1.030000 2.550000
1.030000 1.320000 0.100000 10.810000
10.900000 0.100000 0.100000 2.160000
3.620000 0.100000 0.100000 9.440000
0.100000 0.100000 12.960000 0.100000
0.100000 0.100000 12.960000 0.100000
3.280000 6.260000 2.230000 1.490000
1.780000 7.970000 2.550000 0.950000
6.830000 2.620000 0.100000 3.710000
1.560000 2.590000 4.730000 4.380000
