3.750000 0.100000 2.560000 2.910000
0.100000 0.100000 9.010000 0.100000
0.100000 1.680000 1.650000 5.880000
0.100000 1.970000 0.100000 7.140000
8.170000 0.100000 0.940000 0.100000
7.460000 0.100000 0.840000 0.910000
1.070000 0.100000 0.100000 8.040000
0.100000 1.000000 1.750000 2.000000
7.530000 0.880000 0.100000 0.810000
3.780000 0.100000 0.810000 4.620000
0.100000 0.100000 0.100000 9.010000
4.300000 1.650000 1.040000 2.330000
6.690000 0.100000 1.040000 1.490000
2.970000 6.140000 0.100000 0.100000
1.040000 5.590000 0.100000 2.590000
5.810000 0.780000 0.100000 2.620000
4.940000 3.300000 0.970000 0.100000
