20.100000 3.100000 45.100000 32.100000
12.100000 26.100000 39.100000 23.100000
34.100000 12.100000 27.100000 27.100000
0.100000 0.100000 0.100000 100.100000
42.100000 0.100000 58.100000 0.100000
0.100000 0.100000 0.100000 100.100000
0.100000 0.100000 0.100000 100.100000
0.100000 0.100000 0.100000 100.100000
48.100000 0.100000 52.100000 0.100000
0.100000 23.100000 0.100000 77.100000
26.100000 3.100000 13.100000 58.100000
7.100000 3.100000 13.100000 77.100000
55.100000 6.100000 16.100000 23.100000
