0.100000 0.960000 5.200000 2.490000
0.100000 0.100000 6.040000 2.500000
0.100000 1.780000 0.850000 5.260000
6.840000 0.100000 0.100000 0.960000
0.100000 6.720000 0.100000 1.830000
6.010000 2.530000 0.100000 0.100000
4.980000 1.070000 1.740000 0.960000
2.620000 0.920000 1.780000 3.430000
2.710000 3.190000 2.750000 0.100000
1.710000 0.100000 0.100000 6.830000
0.100000 0.100000 8.440000 0.100000
0.100000 0.100000 0.100000 8.440000
0.100000 2.790000 0.900000 4.960000
0.100000 8.440000 0.100000 0.100000
0.100000 0.100000 0.100000 8.440000
0.100000 1.070000 2.690000 2.390000
