22.100000 22.100000 24.100000 32.100000
26.100000 27.100000 29.100000 18.100000
26.100000 14.100000 26.100000 32.100000
18.100000 21.100000 37.100000 24.100000
22.100000 3.100000 49.100000 26.100000
31.100000 10.100000 9.100000 50.100000
15.100000 4.100000 39.100000 42.100000
0.100000 98.100000 0.100000 2.100000
0.100000 0.100000 0.100000 100.100000
80.100000 0.100000 1.100000 19.100000
53.100000 0.100000 0.100000 47.100000
92.100000 0.100000 0.100000 8.100000
91.100000 1.100000 2.100000 5.100000
99.100000 0.100000 0.100000 1.100000
0.100000 0.100000 0.100000 100.100000
98.100000 0.100000 0.100000 2.100000
5.100000 0.100000 92.100000 3.100000
46.100000 39.100000 4.100000 11.100000
42.100000 27.100000 6.100000 25.100000
26.100000 34.100000 6.100000 34.100000
30.100000 28.100000 18.100000 24.100000
30.100000 28.100000 23.100000 19.100000
