25.100000 13.100000 50.100000 13.100000
30.100000 0.100000 30.100000 40.100000
33.100000 0.100000 25.100000 42.100000
33.100000 8.100000 42.100000 17.100000
17.100000 17.100000 25.100000 42.100000
20.100000 80.100000 0.100000 0.100000
95.100000 0.100000 5.100000 0.100000
0.100000 100.100000 0.100000 0.100000
0.100000 0.100000 100.100000 0.100000
0.100000 0.100000 0.100000 100.100000
0.100000 0.100000 100.100000 0.100000
24.100000 35.100000 24.100000 18.100000
14.100000 36.100000 14.100000 36.100000
17.100000 42.100000 25.100000 17.100000
10.100000 20.100000 40.100000 30.100000
13.100000 38.100000 25.100000 25.100000
