61.100000 145.100000 152.100000 31.100000
16.100000 46.100000 18.100000 309.100000
352.100000 0.100000 2.100000 35.100000
3.100000 10.100000 2.100000 374.100000
354.100000 0.100000 5.100000 30.100000
268.100000 0.100000 0.100000 121.100000
360.100000 3.100000 20.100000 6.100000
222.100000 2.100000 44.100000 121.100000
155.100000 44.100000 157.100000 33.100000
56.100000 135.100000 150.100000 48.100000
83.100000 147.100000 128.100000 31.100000
82.100000 127.100000 128.100000 52.100000
82.100000 118.100000 128.100000 61.100000
68.100000 107.100000 139.100000 75.100000
77.100000 101.100000 140.100000 71.100000
