17.100000 0.100000 33.100000 50.100000
33.100000 6.100000 28.100000 33.100000
32.100000 16.100000 26.100000 26.100000
14.100000 9.100000 48.100000 29.100000
27.100000 14.100000 40.100000 18.100000
23.100000 9.100000 36.100000 32.100000
9.100000 5.100000 23.100000 64.100000
9.100000 35.100000 9.100000 48.100000
0.100000 0.100000 96.100000 4.100000
0.100000 96.100000 0.100000 4.100000
0.100000 0.100000 100.100000 0.100000
0.100000 0.100000 0.100000 100.100000
0.100000 0.100000 100.100000 0.100000
22.100000 61.100000 0.100000 17.100000
33.100000 50.100000 0.100000 17.100000
20.100000 40.100000 40.100000 0.100000
