2.670000 1.830000 3.150000 1.970000
1.000000 0.860000 6.840000 0.920000
3.300000 0.890000 1.000000 4.430000
4.060000 2.850000 2.610000 0.100000
0.100000 0.100000 0.100000 9.320000
0.100000 0.100000 4.130000 5.290000
3.390000 1.770000 0.950000 3.510000
0.100000 2.300000 3.630000 3.590000
0.100000 1.010000 8.410000 0.100000
1.000000 4.880000 0.100000 3.640000
9.320000 0.100000 0.100000 0.100000
9.320000 0.100000 0.100000 0.100000
0.100000 0.950000 4.130000 4.430000
2.590000 1.850000 4.180000 1.000000
0.100000 1.830000 1.000000 0.920000
6.730000 1.790000 1.000000 0.100000
0.100000 5.900000 0.100000 3.520000
4.820000 1.000000 1.920000 1.880000
