5.100000 28.100000 25.100000 42.100000
16.100000 32.100000 31.100000 21.100000
18.100000 36.100000 27.100000 19.100000
19.100000 25.100000 33.100000 23.100000
22.100000 12.100000 43.100000 23.100000
33.100000 9.100000 21.100000 37.100000
20.100000 4.100000 43.100000 33.100000
3.100000 85.100000 3.100000 9.100000
3.100000 8.100000 0.100000 89.100000
85.100000 0.100000 0.100000 15.100000
57.100000 0.100000 0.100000 41.100000
91.100000 0.100000 1.100000 8.100000
96.100000 0.100000 0.100000 4.100000
93.100000 0.100000 1.100000 6.100000
0.100000 0.100000 0.100000 100.100000
100.100000 0.100000 0.100000 0.100000
9.100000 0.100000 90.100000 1.100000
34.100000 46.100000 11.100000 9.100000
36.100000 28.100000 8.100000 28.100000
20.100000 37.100000 15.100000 28.100000
30.100000 34.100000 13.100000 23.100000
23.100000 23.100000 22.100000 32.100000
