4.370000 2.530000 4.060000 0.100000
0.670000 8.320000 3.900000 0.100000
14.770000 0.100000 0.100000 0.100000
0.100000 0.100000 14.770000 0.100000
0.100000 0.100000 14.770000 0.100000
14.770000 0.100000 0.100000 0.100000
10.660000 0.100000 0.100000 4.200000
3.390000 0.970000 10.600000 0.100000
0.100000 2.420000 2.070000 10.470000
3.490000 1.750000 8.050000 1.760000
4.830000 3.990000 4.130000 2.110000
0.800000 3.650000 4.710000 5.890000
2.390000 0.670000 3.130000 8.860000
2.670000 3.990000 6.330000 2.060000
3.150000 6.010000 5.220000 0.670000
