1.860000 0.100000 3.310000 2.650000
4.240000 0.920000 2.660000 0.100000
0.100000 5.900000 1.830000 0.100000
7.630000 0.100000 0.100000 0.100000
0.100000 0.100000 7.630000 0.100000
0.100000 0.100000 7.630000 0.100000
7.630000 0.100000 0.100000 0.100000
6.720000 0.100000 0.100000 1.010000
2.620000 0.100000 5.110000 0.100000
0.100000 2.430000 0.100000 5.300000
3.460000 1.800000 2.560000 0.100000
2.680000 2.480000 0.980000 1.780000
0.100000 1.890000 2.680000 3.250000
1.770000 1.040000 0.100000 5.020000
