0.100000 5.100000 0.100000 0.100000
0.100000 5.100000 0.100000 0.100000
0.100000 0.100000 5.100000 0.100000
0.100000 0.100000 0.100000 5.100000
0.100000 0.100000 0.100000 5.100000
1.100000 4.100000 0.100000 0.100000
0.100000 5.100000 0.100000 0.100000
0.100000 0.100000 5.100000 0.100000
0.100000 4.100000 1.100000 0.100000
0.100000 0.100000 0.100000 5.100000
0.100000 5.100000 0.100000 0.100000
0.100000 0.100000 0.100000 5.100000
5.100000 0.100000 0.100000 0.100000
0.100000 0.100000 5.100000 0.100000
5.100000 0.100000 0.100000 0.100000
0.100000 0.100000 0.100000 5.100000
5.100000 0.100000 0.100000 0.100000
0.100000 0.100000 0.100000 5.100000
