12.100000 5.100000 14.100000 11.100000
5.100000 12.100000 21.100000 0.100000
6.100000 4.100000 28.100000 1.100000
2.100000 0.100000 35.100000 2.100000
3.100000 0.100000 37.100000 0.100000
6.100000 0.100000 29.100000 4.100000
0.100000 0.100000 39.100000 0.100000
1.100000 0.100000 38.100000 0.100000
0.100000 0.100000 39.100000 0.100000
0.100000 0.100000 39.100000 0.100000
12.100000 20.100000 0.100000 7.100000
9.100000 20.100000 4.100000 6.100000
17.100000 11.100000 6.100000 5.100000
