0.100000 0.100000 0.100000 24.100000
0.100000 24.100000 0.100000 0.100000
0.100000 24.100000 0.100000 0.100000
0.100000 24.100000 0.100000 0.100000
24.100000 0.100000 0.100000 0.100000
0.100000 0.100000 24.100000 0.100000
1.100000 22.100000 1.100000 0.100000
0.100000 0.100000 0.100000 5.100000
23.100000 0.100000 0.100000 1.100000
1.100000 23.100000 0.100000 0.100000
0.100000 1.100000 0.100000 16.100000
0.100000 0.100000 0.100000 21.100000
1.100000 2.100000 0.100000 21.100000
3.100000 0.100000 21.100000 0.100000
0.100000 0.100000 23.100000 0.100000
0.100000 0.100000 24.100000 0.100000
24.100000 0.100000 0.100000 0.100000
