14.100000 16.100000 13.100000 17.100000
12.100000 21.100000 14.100000 16.100000
32.100000 6.100000 9.100000 17.100000
19.100000 3.100000 45.100000 3.100000
31.100000 0.100000 41.100000 0.100000
0.100000 0.100000 72.100000 0.100000
0.100000 0.100000 71.100000 1.100000
0.100000 0.100000 0.100000 72.100000
0.100000 70.100000 2.100000 0.100000
72.100000 0.100000 0.100000 0.100000
72.100000 0.100000 0.100000 0.100000
71.100000 0.100000 1.100000 0.100000
0.100000 0.100000 72.100000 0.100000
0.100000 0.100000 70.100000 2.100000
0.100000 0.100000 0.100000 72.100000
0.100000 69.100000 1.100000 2.100000
70.100000 0.100000 2.100000 0.100000
16.100000 20.100000 2.100000 20.100000
17.100000 21.100000 15.100000 3.100000
8.100000 15.100000 13.100000 13.100000
14.100000 2.100000 16.100000 12.100000
