10.100000 13.100000 7.100000 8.100000
13.100000 8.100000 12.100000 5.100000
13.100000 10.100000 8.100000 7.100000
9.100000 6.100000 15.100000 8.100000
8.100000 7.100000 9.100000 14.100000
14.100000 6.100000 14.100000 4.100000
11.100000 11.100000 5.100000 11.100000
0.100000 38.100000 0.100000 0.100000
38.100000 0.100000 0.100000 0.100000
0.100000 38.100000 0.100000 0.100000
0.100000 0.100000 38.100000 0.100000
0.100000 0.100000 0.100000 38.100000
0.100000 0.100000 38.100000 0.100000
11.100000 5.100000 11.100000 11.100000
4.100000 14.100000 6.100000 14.100000
14.100000 9.100000 7.100000 8.100000
8.100000 15.100000 6.100000 9.100000
7.100000 8.100000 10.100000 13.100000
5.100000 12.100000 8.100000 13.100000
8.100000 7.100000 13.100000 10.100000
