15.100000 13.100000 4.100000 7.100000
12.100000 7.100000 1.100000 19.100000
19.100000 5.100000 13.100000 2.100000
22.100000 2.100000 7.100000 8.100000
22.100000 3.100000 14.100000 0.100000
3.100000 23.100000 1.100000 12.100000
37.100000 2.100000 0.100000 0.100000
35.100000 4.100000 0.100000 0.100000
38.100000 0.100000 0.100000 1.100000
3.100000 22.100000 1.100000 13.100000
33.100000 2.100000 2.100000 2.100000
9.100000 7.100000 14.100000 9.100000
14.100000 4.100000 7.100000 14.100000
