51.100000 19.100000 9.100000 21.100000
47.100000 0.100000 0.100000 53.100000
19.100000 0.100000 43.100000 38.100000
13.100000 15.100000 4.100000 68.100000
11.100000 0.100000 89.100000 0.100000
2.100000 0.100000 0.100000 98.100000
0.100000 0.100000 0.100000 100.100000
0.100000 0.100000 0.100000 100.100000
6.100000 0.100000 94.100000 0.100000
0.100000 6.100000 0.100000 94.100000
4.100000 0.100000 0.100000 96.100000
4.100000 0.100000 0.100000 96.100000
87.100000 0.100000 4.100000 9.100000
