12.100000 15.100000 27.100000 21.100000
14.100000 19.100000 22.100000 20.100000
19.100000 24.100000 16.100000 16.100000
17.100000 17.100000 21.100000 20.100000
8.100000 9.100000 35.100000 23.100000
3.100000 2.100000 68.100000 2.100000
4.100000 1.100000 67.100000 3.100000
46.100000 0.100000 27.100000 2.100000
62.100000 3.100000 9.100000 1.100000
71.100000 2.100000 2.100000 0.100000
16.100000 11.100000 22.100000 26.100000
4.100000 15.100000 2.100000 54.100000
3.100000 68.100000 0.100000 4.100000
1.100000 72.100000 0.100000 2.100000
10.100000 58.100000 1.100000 6.100000
17.100000 21.100000 19.100000 18.100000
