11.100000 14.100000 14.100000 12.100000
9.100000 7.100000 20.100000 15.100000
9.100000 9.100000 17.100000 16.100000
9.100000 4.100000 26.100000 12.100000
17.100000 13.100000 12.100000 9.100000
17.100000 3.100000 23.100000 8.100000
15.100000 1.100000 29.100000 6.100000
1.100000 1.100000 45.100000 4.100000
11.100000 5.100000 11.100000 24.100000
45.100000 2.100000 0.100000 4.100000
1.100000 50.100000 0.100000 0.100000
34.100000 0.100000 16.100000 1.100000
8.100000 14.100000 11.100000 18.100000
12.100000 11.100000 12.100000 16.100000
2.100000 4.100000 33.100000 12.100000
0.100000 0.100000 0.100000 51.100000
0.100000 0.100000 51.100000 0.100000
0.100000 0.100000 0.100000 51.100000
0.100000 0.100000 0.100000 51.100000
0.100000 51.100000 0.100000 0.100000
0.100000 0.100000 0.100000 51.100000
7.100000 8.100000 13.100000 23.100000
8.100000 5.100000 22.100000 16.100000
12.100000 9.100000 13.100000 17.100000
10.100000 9.100000 16.100000 16.100000
9.100000 15.100000 13.100000 14.100000
13.100000 12.100000 14.100000 12.100000
