1.100000 0.100000 0.100000 75.100000
0.100000 0.100000 0.100000 76.100000
75.100000 0.100000 1.100000 0.100000
0.100000 0.100000 0.100000 76.100000
0.100000 0.100000 0.100000 76.100000
0.100000 0.100000 0.100000 76.100000
23.100000 0.100000 52.100000 1.100000
0.100000 0.100000 0.100000 76.100000
28.100000 0.100000 48.100000 0.100000
0.100000 0.100000 0.100000 76.100000
0.100000 0.100000 0.100000 76.100000
0.100000 0.100000 48.100000 28.100000
0.100000 0.100000 28.100000 48.100000
0.100000 25.100000 1.100000 50.100000
2.100000 0.100000 21.100000 53.100000
27.100000 0.100000 0.100000 49.100000
0.100000 0.100000 26.100000 50.100000
0.100000 1.100000 0.100000 75.100000
49.100000 0.100000 1.100000 26.100000
0.100000 0.100000 0.100000 75.100000
