61.100000 36.100000 47.100000 26.100000
43.100000 32.100000 82.100000 13.100000
31.100000 9.100000 89.100000 41.100000
18.100000 2.100000 150.100000 0.100000
1.100000 0.100000 168.100000 1.100000
0.100000 1.100000 169.100000 0.100000
36.100000 106.100000 4.100000 24.100000
6.100000 7.100000 149.100000 8.100000
2.100000 0.100000 153.100000 15.100000
32.100000 13.100000 115.100000 10.100000
22.100000 20.100000 113.100000 15.100000
23.100000 82.100000 30.100000 35.100000
21.100000 66.100000 45.100000 38.100000
