39.100000 11.100000 9.100000 11.100000
20.100000 22.100000 10.100000 18.100000
16.100000 32.100000 2.100000 20.100000
0.100000 0.100000 70.100000 0.100000
0.100000 70.100000 0.100000 0.100000
0.100000 70.100000 0.100000 0.100000
0.100000 21.100000 4.100000 45.100000
5.100000 22.100000 24.100000 19.100000
45.100000 9.100000 16.100000 0.100000
9.100000 0.100000 61.100000 0.100000
0.100000 0.100000 70.100000 0.100000
0.100000 31.100000 39.100000 0.100000
5.100000 20.100000 31.100000 14.100000
28.100000 16.100000 16.100000 10.100000
6.100000 17.100000 10.100000 37.100000
