24.100000 36.100000 25.100000 15.100000
17.100000 47.100000 29.100000 7.100000
15.100000 49.100000 25.100000 11.100000
21.100000 27.100000 41.100000 11.100000
13.100000 24.100000 50.100000 13.100000
9.100000 22.100000 43.100000 25.100000
0.100000 0.100000 0.100000 100.100000
0.100000 0.100000 100.100000 0.100000
0.100000 100.100000 0.100000 0.100000
17.100000 59.100000 15.100000 9.100000
5.100000 66.100000 20.100000 8.100000
12.100000 28.100000 49.100000 12.100000
8.100000 38.100000 40.100000 14.100000
12.100000 30.100000 42.100000 16.100000
9.100000 23.100000 41.100000 27.100000
