19.100000 8.100000 21.100000 10.100000
5.100000 2.100000 46.100000 5.100000
11.100000 3.100000 30.100000 14.100000
5.100000 16.100000 20.100000 17.100000
2.100000 48.100000 2.100000 6.100000
52.100000 1.100000 0.100000 5.100000
46.100000 2.100000 10.100000 0.100000
49.100000 0.100000 9.100000 0.100000
0.100000 0.100000 58.100000 0.100000
3.100000 1.100000 26.100000 28.100000
3.100000 19.100000 7.100000 29.100000
1.100000 47.100000 2.100000 8.100000
46.100000 2.100000 6.100000 4.100000
17.100000 15.100000 14.100000 12.100000
