6.100000 31.100000 34.100000 28.100000
28.100000 22.100000 28.100000 22.100000
28.100000 19.100000 44.100000 9.100000
0.100000 22.100000 69.100000 9.100000
19.100000 6.100000 63.100000 12.100000
9.100000 12.100000 41.100000 38.100000
0.100000 0.100000 0.100000 100.100000
0.100000 0.100000 100.100000 0.100000
0.100000 100.100000 0.100000 0.100000
19.100000 59.100000 12.100000 9.100000
6.100000 66.100000 22.100000 6.100000
6.100000 31.100000 53.100000 9.100000
19.100000 47.100000 28.100000 6.100000
31.100000 19.100000 31.100000 19.100000
12.100000 31.100000 38.100000 19.100000
6.100000 25.100000 50.100000 19.100000
19.100000 41.100000 25.100000 16.100000
6.100000 41.100000 31.100000 22.100000
