0.100000 7.100000 12.100000 19.100000
0.100000 2.100000 4.100000 34.100000
11.100000 8.100000 19.100000 2.100000
6.100000 6.100000 11.100000 19.100000
21.100000 0.100000 0.100000 21.100000
4.100000 9.100000 4.100000 25.100000
4.100000 8.100000 11.100000 19.100000
2.100000 2.100000 29.100000 9.100000
19.100000 7.100000 12.100000 4.100000
19.100000 9.100000 2.100000 12.100000
4.100000 0.100000 28.100000 10.100000
4.100000 19.100000 11.100000 8.100000
0.100000 0.100000 0.100000 42.100000
42.100000 0.100000 0.100000 0.100000
42.100000 0.100000 0.100000 0.100000
42.100000 0.100000 0.100000 0.100000
6.100000 4.100000 25.100000 7.100000
4.100000 17.100000 2.100000 19.100000
11.100000 2.100000 0.100000 29.100000
4.100000 2.100000 8.100000 28.100000
6.100000 0.100000 21.100000 15.100000
28.100000 0.100000 10.100000 4.100000
9.100000 8.100000 2.100000 23.100000
2.100000 23.100000 0.100000 17.100000
15.100000 0.100000 2.100000 25.100000
9.100000 2.100000 27.100000 4.100000
7.100000 4.100000 6.100000 25.100000
4.100000 2.100000 9.100000 27.100000
0.100000 27.100000 6.100000 9.100000
