7.100000 29.100000 11.100000 7.100000
22.100000 15.100000 6.100000 11.100000
4.100000 6.100000 19.100000 25.100000
9.100000 18.100000 16.100000 11.100000
4.100000 9.100000 15.100000 26.100000
0.100000 52.100000 0.100000 2.100000
0.100000 52.100000 0.100000 2.100000
12.100000 5.100000 0.100000 37.100000
3.100000 0.100000 0.100000 51.100000
35.100000 2.100000 4.100000 13.100000
0.100000 1.100000 1.100000 52.100000
31.100000 1.100000 1.100000 21.100000
5.100000 2.100000 2.100000 45.100000
8.100000 0.100000 46.100000 0.100000
1.100000 0.100000 53.100000 0.100000
8.100000 19.100000 12.100000 15.100000
13.100000 21.100000 9.100000 11.100000
21.100000 9.100000 11.100000 13.100000
5.100000 9.100000 18.100000 22.100000
