1.100000 12.100000 2.100000 0.100000
12.100000 0.100000 0.100000 3.100000
13.100000 0.100000 0.100000 2.100000
0.100000 0.100000 13.100000 2.100000
0.100000 2.100000 12.100000 1.100000
0.100000 0.100000 2.100000 13.100000
2.100000 0.100000 1.100000 12.100000
1.100000 0.100000 14.100000 0.100000
0.100000 0.100000 15.100000 0.100000
0.100000 0.100000 0.100000 15.100000
0.100000 0.100000 0.100000 15.100000
0.100000 0.100000 15.100000 0.100000
0.100000 13.100000 0.100000 2.100000
