38.100000 10.100000 9.100000 5.100000
9.100000 21.100000 12.100000 20.100000
19.100000 34.100000 0.100000 9.100000
0.100000 0.100000 62.100000 0.100000
0.100000 62.100000 0.100000 0.100000
0.100000 62.100000 0.100000 0.100000
0.100000 9.100000 5.100000 48.100000
9.100000 22.100000 22.100000 9.100000
48.100000 5.100000 9.100000 0.100000
0.100000 0.100000 62.100000 0.100000
0.100000 0.100000 62.100000 0.100000
0.100000 62.100000 0.100000 0.100000
9.100000 0.100000 34.100000 19.100000
20.100000 12.100000 21.100000 9.100000
5.100000 9.100000 10.100000 38.100000
