67.100000 1.100000 2.100000 30.100000
2.100000 2.100000 0.100000 96.100000
1.100000 10.100000 0.100000 89.100000
0.100000 31.100000 67.100000 2.100000
34.100000 4.100000 1.100000 61.100000
4.100000 44.100000 35.100000 17.100000
60.100000 2.100000 3.100000 35.100000
0.100000 0.100000 2.100000 98.100000
2.100000 0.100000 75.100000 23.100000
15.100000 70.100000 7.100000 8.100000
46.100000 4.100000 0.100000 50.100000
75.100000 3.100000 22.100000 1.100000
80.100000 1.100000 15.100000 4.100000
30.100000 3.100000 7.100000 60.100000
17.100000 27.100000 38.100000 18.100000
