18.100000 44.100000 2.100000 44.100000
58.100000 1.100000 3.100000 46.100000
0.100000 2.100000 4.100000 102.100000
12.100000 0.100000 3.100000 93.100000
12.100000 30.100000 58.100000 8.100000
33.100000 2.100000 3.100000 70.100000
32.100000 30.100000 10.100000 36.100000
96.100000 0.100000 4.100000 8.100000
3.100000 1.100000 0.100000 104.100000
1.100000 0.100000 96.100000 11.100000
4.100000 69.100000 9.100000 26.100000
86.100000 2.100000 0.100000 20.100000
77.100000 3.100000 21.100000 7.100000
98.100000 4.100000 6.100000 0.100000
17.100000 16.100000 10.100000 65.100000
